0.4108579634083776
0.6093024733846283
0.8903416636208238
0.18154992805798673
0.3872913275672085
0.15919742163854653
0.44540543967249785
1.0
0.6082496921251773
0.8220458444243418
0.16815609563061695
0.19798653766985136
0.45950153327496374
0.30377007200971895
0.8035606479548829
0.5362992717931508
0.47923049876890367
0.3978044506663708
0.16716465860283525
0.1751911489715549
0.3487448342877437
0.39131689300035216
0.17996549908302462
0.17588004161506465
0.6344207051474537
0.6569597292512004
0.16846065520305037
0.18480175556304979
0.37776384393202184
0.35660219046911834
0.36313503201581143
0.8374403782537138
0.02360125890919687
0.27325617045916284
0.1275148766046955
0.6253062132426658
0.5400286912134267
0.18894278681890186
0.35443650688272693
0.24319371902318895
0.1495594053794736
0.5810554412830736
0.3581809096382513
0.39870259861195184
0.2623254319986414
0.42014899288975827
0.307314627353
0.3571465873921586
0.558166368924127
0.19438431638334047
0.16846127785683854
0.23763691618546895
0.17597991537095228
0.25828623243841287
0.2757189770147413
0.5771473998307192
0.1891731148847832
0.24591708103918647
0.1941727232620978
0.3846297237509576
0.19227968256843017
0.7834787259377419
0.3793788456685145
0.20840889186894251
0.43656081946811287
0.2246121617494043
0.3450724117134105
0.3974485005674122
0.19393362450802284
0.39155757653689205
0.36571980420746125
0.3078421825695026
0.46640951185274854
0.1607499545549882
0.37529642449120265
0.15095865169088743
0.6473308467934727
0.2644271194207465
0.845039491574265
0.3285628119059772
0.8649308559968925
0.8002310381851983
0.40442569337782686
0.1789484327392326
0.6071922738549352
0.42926209407729965
0.1953725519018426
0.21039260013250036
0.5305839477855726
0.30227183721465223
0.6532107580045544
0.1711170335396481
0.5560612310852836
0.42503729448723115
0.5693000369524808
0.5032322303754801
0.5959063947849036
0.21959737580176958
0.20763711185645933
0.3519233355686722
0.6901071395647188
0.17208508887073865
0.5018926675916187
0.180463647786506
0.38509771936984766
0.4034099926089149
0.1541812722117901
0.17663213384274806
0.6914709070100014
0.38635077939076523
0.1411823336067251
0.28114196011003867
0.40115379717772043
0.19645129426500765
0.43819934495374857
0.15182170713235021
0.6291322594566724
0.20042702512936475
0.16825206701696305
0.24126979188118497
0.1581086250696625
0.2151345238485237
0.31702581981424716
0.6450373603468578
0.10189679938817853
0.7419751939326982
0.23442169347102898
0.4249757899236424
0.41879246283454935
0.1223609940076796
0.38874398896846657
0.6232128208932197
0.36541304093800003
0.11587504941676319
0.4268178855177455
0.1800273157916327
0.4474763177108906
0.2437762640781887
0.1760100950989654
0.42708270037558443
0.20111278463533558
0.24254267118407724
0.280366111906313
0.8154454416216055
0.6302167678890923
0.4039187412367628
0.17570553171795694
0.15788200613838757
0.23707663532496703
0.7997896212991054
0.5865807920238034
0.36695702859149903
0.5997777426753013
0.42195525882005974
0.4152602118172921
0.18093280693981156
0.5971952937675756
0.43068252928514617
0.33876976106842965
0.33323699539853646
0.2184006926808472
0.35196675870917726
0.4361314173065535
0.8002772772932503
0.5803257203634448
0.644763809387836
0.18945714090374
0.2069201580251023
0.38070575851259864
0.27325699218362076
0.37071758380246744
0.7046037333925912
0.3665360854231818
0.5804200424977105
0.3846703577547827
0.5207394449705363
0.8748689361559947
0.4336688605297327
0.5496205971193181
0.17504014210929592
0.40975500038672585
0.8505620685107378
0.33309265965880663
0.37371596455255396
0.6028241073009956
0.8033631418602566
0.7423470211861192
0.6346862174476282
0.386594222084838
0.7684872850749233
0.17154523555208578
0.5453099920233083
0.5920186537619802
0.16571602687349735
0.20884471860904172
0.19256778759545337
0.6358182339574165
0.33931388660168527
0.5000972823284783
0.2115826306234907
0.20970392891273934
0.6798094624428718
0.3668564760204455
0.835330147117545
0.6546569262445453
0.8383540216745896
0.5042705501284165
0.36110794828327997
0.21910633772256677
0.18949582566010215
0.2190134679919718
0.3769333570028714
0.41420056291072294
0.33688182769006375
0.16909926472044312
0.7997911869556221
0.8131500056985979
0.4547965151228405
0.5283073761319476
0.15720453667969334
0.4195317375857558
0.8275086116317896
0.29798512751179745
0.19168478439164055
0.22606111861849554
0.5898834828687483
0.17808535991305263
0.17257978385226727
0.9208788117197927
0.37633510772892687
0.5794229265103157
0.5932700862277936
0.5061636835226927
0.38113670085350054
0.17571763970032683
0.5828398464163316
0.13956814980093543
0.44993209077647306
0.3778735387119279
0.3265853312025719
0.39412554127421445
0.20447905092409155
0.7081006378285499
0.5986514531177789
0.15605995347155655
0.14122884533045765
0.4316526866361505
0.5798880638236594
0.19179669419248724
0.42591020054652695
0.8314563042422681
0.20949803322314647
0.6243735045772255
0.3971083150675717
0.638189981065984
0.3809069417784048
