0.6433852119091643
0.1653187747178564
0.24019746469479744
0.10826790630354786
0.0679023246488621
0.41135478524798524
0.07198221307653074
0.9993798732478935
0.09844189262649825
8.452812847600279e-05
0.09427741578299427
0.3058267071063619
0.3704628790810447
0.1350242547360161
0.26646685624915556
0.03155096573711114
0.15244684584912613
0.2225099106090021
0.9990572998080921
0.6719932601821111
0.04508132578284413
0.00021560206803261322
0.4996098158593732
0.1679919923041496
0.31173245188769705
0.0922560829992477
0.32204344259125656
0.17665913900021055
8.742310788270675e-05
0.29224754197004854
0.32865374644188977
0.06222833445627347
0.4996098158593732
0.22332987110089755
0.9990572998080921
0.3564818472956613
0.26505220792658574
0.5430586583966346
0.040799823632554154
0.317452071405238
0.16139485568898762
0.0003104478335210904
0.03865043638989781
0.07174882940889413
0.5365323401127297
0.1503776730976554
0.5386072338021416
0.9993798732478935
