0.06992607992759067
0.10105448545645072
0.1693654464558329
0.3752798499570936
0.3279439933031502
0.32589375022289774
0.6374034404172008
0.15504776707211082
0.8854614285505319
0.3719227648000063
0.5546358036021732
0.4122063864074981
0.1090679485318206
0.20119191101806197
0.4971973444800951
0.1546883465195409
0.05847903565600855
0.8798056591968896
0.4971607411971566
0.4015879960899814
0.14689022503249655
0.45362349155702053
1.0
0.8970558487637036
0.14455730674089584
0.16394858380470892
0.14003162841383598
0.27642615402534665
0.23263772438308597
0.17147958241853084
0.890169242483085
0.4978096694902014
0.1325967599997003
0.6032013966163359
0.7140464549894323
0.2930571112497844
0.8287209883923773
0.34385892341411406
0.7242004036592956
0.3102318525228805
0.3156185100275991
0.6210483971912693
0.41535506855473325
0.1796157650381667
0.2624471979963006
0.3894170376293887
0.31762225928999405
0.34459876994546185
0.21344321726929089
0.07573066612318678
0.3020217496121651
0.12028507788200937
0.08043959061360495
0.14917098641345966
0.15462463286757466
0.2341104107306184
0.25747827237852255
0.16884391488493267
0.03717279454287786
0.0734217672964146
0.4150619843566414
0.43748390629361156
0.398732755898647
0.28665967740955745
0.41208435236605473
0.11841329084051769
0.3559752319812898
0.7007144419404069
0.31301360949750723
0.4969489982069522
0.2520557206958409
0.18193208286179247
0.0663655698388873
0.11255168440301842
0.1595975348797481
0.1448631225872056
0.11779209886587733
0.42592036065682287
0.4151737213132
0.2748640283962768
0.18843216804676666
0.20421591020009
0.28281396916490936
0.4260547426495507
0.13001201209131788
0.06101776756463772
