0.3672729501326355
0.4449024136855891
0.5717124190811324
0.38517292646658885
0.3619279605187955
0.5217224896780402
0.5517643952926602
0.40556298841289984
0.10739718261334714
0.6434443881602471
0.3429899450021472
0.3375902862466635
0.6786247825299615
0.2764814208442642
0.16742112172896495
0.7013515706640323
0.3427784161609503
0.4023794994156634
0.2601155495639067
0.7371612090403051
0.5946584619398286
0.2868079681455252
0.2600405246341837
0.6930805833074037
0.6209182096553028
0.7234065564328405
0.5296176260982971
0.11776673946248285
0.25568071508295565
0.22193164271823895
0.2691595637305849
0.1895478027961583
0.5397778603579712
