0.06726217673868194
0.3593001148523076
0.08390345426291247
0.0009313443968040354
0.2322120002450041
0.34217221063810754
0.05194792082601256
0.08584496464943277
0.9976620593124195
0.9976620593124195
0.297656726671872
0.4722042821271747
0.44197927467379466
0.16300082818002953
0.00024204934473466834
0.08804880453433134
0.328692788238365
0.09835580062896267
0.03071623058352192
0.21636863576695875
0.9998302752957217
0.9998302752957217
0.4129704172750891
0.11927184864995403
0.00033105764880882714
0.40624494088864604
0.11751261190895762
0.3612916872365148
0.3125410366363217
0.30245397673343927
0.10517855404307451
0.4725988667255338
0.4411939980395858
0.3205178402674284
0.12488570892726321
0.19061505002876883
0.06347223681486998
0.586950442198644
0.13508663364001894
0.5778547199856385
0.0003628093481170669
0.08158429295833444
0.002171252268493012
0.1721070113148895
0.002124480768412724
0.2951862625289869
0.10207076070947439
0.20067217357600217
0.21653248000002623
0.31872080993889396
0.0714530055569531
0.1520758386801964
0.17779515546844793
0.2982672036304702
