0.22012738774428744
0.10415470317803133
0.3809412599162941
0.19751528159892476
0.5604982865460891
0.12884575747058602
0.44216625396463216
0.5535735492043529
0.38761522823281225
0.14617613422473738
0.6514249640522836
0.1648181492304021
0.24761979118004143
0.32272432259661155
0.7125032917762
0.896296798896966
0.6731085881026666
0.3778517864758192
0.45826715381790945
0.442780964049473
0.8115430138057654
0.3611531544705052
0.8228977197424341
1.0
1.0
1.0
0.36247915865795843
0.8059640721714099
0.26634582595247236
1.0
0.19008848784770252
0.28218685267868676
1.0
0.8662085568075751
0.4948061673527877
0.43170387603262483
0.44671642038751996
0.5993433813717101
0.6769607741673751
0.18298234189562648
0.22214887502511926
0.5442063763810897
0.7851043102982571
0.4081835819105523
0.39914866230901314
0.39659532238508893
0.17804618573544334
0.14522080223793227
0.1884532457317719
0.5235931518235869
0.1793130459233904
0.15858720174573113
0.4265607474564491
0.17367323706522514
0.1679727045949942
0.17284247944744943
0.7868184957559846
0.42893057904275456
0.5763105986642258
0.15496739217085936
0.1695530765273063
0.38194719154062645
0.3115747341542244
0.43753262580501856
0.1926834445947873
0.3203159496662533
0.35782211765169003
0.16300436370968066
0.23524780816094634
0.4691202181421001
0.5156872949825093
0.4381485297283789
0.6030423587406437
0.35046893176217847
0.6452407037525265
0.813412544091123
0.1835068873940988
0.42637253444930945
0.4463283013985597
0.43211785780961837
0.3956022049721026
0.45615268360921407
0.16810859245687196
0.5011563892160139
0.41501491596655543
0.3550626818460621
0.609010640941729
0.4543546384094648
0.4352509426973537
0.2034217233278668
0.16589053940114976
0.35321066175024723
1.0
0.6396239221690639
0.4715163820580908
0.8890255560132093
1.0
0.14520254381745948
0.19313806909367434
0.16625916226363194
0.6580203552500002
0.22827022293063337
0.16439601036751234
0.269228088979359
0.41122279540810786
0.20982364368463644
0.2814236134337091
0.1460948818966863
0.6482910220057108
1.0
0.4561900333302891
1.0
0.09059405360038586
0.3508584864391636
0.6180503649068942
0.997300604720346
0.1815222885320061
0.7608006995378419
1.0
0.29627067239140276
0.39892958777966026
0.8278717793797437
1.0
0.8108736486286174
0.5265160502467741
0.6447453938385678
0.5921459914000607
0.7341443257516526
0.9275189256099755
0.6852347856206669
0.574497271829818
0.21052802826763317
0.3254495083230324
0.3982003278150603
0.5638897050653391
0.6659759724681851
0.8540629405611703
0.14466242459795947
1.0
0.3667886206475454
0.7551615150080978
0.42979457727211207
0.2713011258600619
0.5742069940230814
0.15508756655205588
0.600516187087061
0.3443681405035013
0.5652366885861064
0.3132358329176097
0.34401870474294066
0.24781950804994252
0.613294613866032
0.18115394240769045
0.4149319019105849
0.1816705730026576
0.5308508127516972
0.1837639719263936
0.5959172127214175
0.8660388092176229
0.37047723002573324
0.36192422014120434
0.5852956856100953
0.3024535277591118
0.14368879058022282
0.316694990404255
0.29845268833252875
0.5919081440168447
0.48397599502192706
0.1652189769164542
0.6370754927304512
0.25491285279517495
1.0
0.3292492839200604
0.14081550692497552
0.1538155482395172
0.22164873244590202
0.5645378042258778
1.0
0.35713165096960164
0.799908254900982
0.16518232681266143
0.14082499054451866
0.21337242940990636
0.17591168391404627
0.6261801684576153
0.08461008641954999
0.6508062794650499
0.5516571530363606
0.6682007264074366
0.5073009037528582
0.15385490784171021
0.8203237479326189
0.5755444038882457
0.2297195415993178
0.20230365538925532
0.642127591291818
0.2738764695352403
0.15956073432566076
0.7143749363275721
0.5745267475251778
0.22978977165819997
0.8139433598941511
0.1716302047870756
0.40340373581051553
0.5776566741596203
0.48239675858744996
0.17315842470398324
0.7743748626918491
0.19502293827915937
0.2326123038670167
0.2652846592786557
0.16783135339884697
0.35108449615083154
0.24037112526156096
0.49102950738912576
0.4708987030612553
0.5629293004981031
0.7748953761277589
1.0
0.7167706218484273
0.5110655553393619
0.398100636767333
0.20748958705457343
0.2847472623703172
0.9972861249174421
0.9017666604517155
0.07011634441867735
0.17554523696975183
0.31545474925472383
0.314682067837369
0.29008006156769595
0.6814187139704748
