Balance Scale:
[5, 0.4965277777777778, 0.0, 0.9930555555555556]
[7, 0.5, 0.0, 1.0]
[9, 0.5, 0.0, 1.0]
[11, 0.5, 0.0, 1.0]
[13, 0.5, 0.0, 1.0]
[15, 0.5, 0.0, 1.0]
[17, 0.5, 0.0, 1.0]
[19, 0.5, 0.0, 1.0]


Breast W:
[5, 0.9566534997916252, 0.946058091286307, 0.9672489082969432]
[7, 0.9504294334015837, 0.9336099585062241, 0.9672489082969432]
[9, 0.9556705140517132, 0.941908713692946, 0.9694323144104804]
[11, 0.9577452028483937, 0.946058091286307, 0.9694323144104804]
[13, 0.9578539201652503, 0.941908713692946, 0.9737991266375546]
[15, 0.9567622171084817, 0.941908713692946, 0.9716157205240175]
[17, 0.9588369059051622, 0.946058091286307, 0.9716157205240175]
[19, 0.9609115947018427, 0.950207468879668, 0.9716157205240175]

Breast Cancer:
[5, 0.5547848990342406, 0.25882352941176473, 0.8507462686567164]
[7, 0.5706175007316359, 0.27058823529411763, 0.8706467661691543]
[9, 0.6115598478197249, 0.3176470588235294, 0.9054726368159204]
[11, 0.5991220368744513, 0.3176470588235294, 0.8805970149253731]
[13, 0.602516827626573, 0.32941176470588235, 0.8756218905472637]
[15, 0.6192566578870354, 0.35294117647058826, 0.8855721393034826]
[17, 0.600702370500439, 0.3058823529411765, 0.8955223880597015]
[19, 0.5864501024290313, 0.2823529411764706, 0.8905472636815921]

Car:
[5, 0.6857064234609639, 0.391304347826087, 0.9801084990958409]
[7, 0.6983908588201378, 0.42028985507246375, 0.976491862567812]
[9, 0.6386115260633698, 0.30434782608695654, 0.972875226039783]
[11, 0.6368032077993553, 0.30434782608695654, 0.969258589511754]
[13, 0.5425872054930944, 0.10144927536231885, 0.9837251356238698]
[15, 0.5440941373797731, 0.10144927536231885, 0.9867389993972272]
[17, 0.547710773907802, 0.10144927536231885, 0.9939722724532851]
[19, 0.49668474984930683, 0.0, 0.9933694996986137]

Cleveland_Heart_Disease:
[5, 0.5, 0.0, 1.0]
[7, 0.5, 0.0, 1.0]
[9, 0.5, 0.0, 1.0]
[11, 0.5, 0.0, 1.0]
[13, 0.5, 0.0, 1.0]
[15, 0.5, 0.0, 1.0]
[17, 0.5, 0.0, 1.0]
[19, 0.5, 0.0, 1.0]

CMC:
[5, 0.611284969179706, 0.32432432432432434, 0.8982456140350877]
[7, 0.598277224593014, 0.2912912912912913, 0.9052631578947369]
[9, 0.603978978978979, 0.2912912912912913, 0.9166666666666666]
[11, 0.5999802434012961, 0.27627627627627627, 0.9236842105263158]
[13, 0.6012960328749802, 0.27627627627627627, 0.9263157894736842]
[15, 0.6007902639481587, 0.2822822822822823, 0.9192982456140351]
[17, 0.602106053421843, 0.2822822822822823, 0.9219298245614035]
[19, 0.6039276118223487, 0.27627627627627627, 0.9315789473684211]

Abalone:
[5, 0.6208018988866185, 0.2626865671641791, 0.9789172306090578]
[7, 0.616072163907169, 0.24776119402985075, 0.9843831337844873]
[9, 0.6056244027131392, 0.22686567164179106, 0.9843831337844873]
[11, 0.5989425594567507, 0.21194029850746268, 0.9859448204060385]
[13, 0.603940733604233, 0.2208955223880597, 0.986985944820406]
[15, 0.599011708764869, 0.208955223880597, 0.9890681936491411]
[17, 0.6021269239435306, 0.21492537313432836, 0.989328474752733]
[19, 0.5958355023425299, 0.2, 0.9916710046850599]

Credit_g:
[5, 0.5569047619047619, 0.22666666666666666, 0.8871428571428571]
[7, 0.5502380952380952, 0.19333333333333333, 0.9071428571428571]
[9, 0.5585714285714285, 0.19, 0.9271428571428572]
[11, 0.565, 0.19, 0.94]
[13, 0.5569047619047619, 0.16666666666666666, 0.9471428571428572]
[15, 0.5464285714285715, 0.14, 0.9528571428571428]
[17, 0.5423809523809524, 0.12333333333333334, 0.9614285714285714]
[19, 0.5447619047619048, 0.12666666666666668, 0.9628571428571429]

Ecoli:
[5, 0.7295238095238096, 0.4857142857142857, 0.9733333333333334]
[7, 0.7866666666666667, 0.6, 0.9733333333333334]
[9, 0.7992857142857143, 0.6285714285714286, 0.97]
[11, 0.7992857142857143, 0.6285714285714286, 0.97]
[13, 0.7976190476190476, 0.6285714285714286, 0.9666666666666667]
[15, 0.7816666666666667, 0.6, 0.9633333333333334]
[17, 0.8102380952380952, 0.6571428571428571, 0.9633333333333334]
[19, 0.795952380952381, 0.6285714285714286, 0.9633333333333334]

Glass:
[5, 0.49746192893401014, 0.0, 0.9949238578680203]
[7, 0.49746192893401014, 0.0, 0.9949238578680203]
[9, 0.49746192893401014, 0.0, 0.9949238578680203]
[11, 0.5, 0.0, 1.0]
[13, 0.5, 0.0, 1.0]
[15, 0.5, 0.0, 1.0]
[17, 0.5, 0.0, 1.0]
[19, 0.5, 0.0, 1.0]

Haberman:
[5, 0.5444444444444445, 0.2222222222222222, 0.8666666666666667]
[7, 0.5330864197530863, 0.1728395061728395, 0.8933333333333333]
[9, 0.5565432098765432, 0.19753086419753085, 0.9155555555555556]
[11, 0.585679012345679, 0.24691358024691357, 0.9244444444444444]
[13, 0.5795061728395061, 0.2345679012345679, 0.9244444444444444]
[15, 0.5918518518518519, 0.25925925925925924, 0.9244444444444444]
[17, 0.5861728395061728, 0.2345679012345679, 0.9377777777777778]
[19, 0.5901234567901235, 0.24691358024691357, 0.9333333333333333]

Ionosphere:
[5, 0.7984126984126985, 0.6190476190476191, 0.9777777777777777]
[7, 0.7825396825396826, 0.5873015873015873, 0.9777777777777777]
[9, 0.7706349206349207, 0.5634920634920635, 0.9777777777777777]
[11, 0.7706349206349207, 0.5634920634920635, 0.9777777777777777]
[13, 0.7706349206349207, 0.5634920634920635, 0.9777777777777777]
[15, 0.7706349206349207, 0.5634920634920635, 0.9777777777777777]
[17, 0.768888888888889, 0.5555555555555556, 0.9822222222222222]
[19, 0.764920634920635, 0.5476190476190477, 0.9822222222222222]

Libras Movement:
[5, 0.8333333333333333, 0.6666666666666666, 1.0]
[7, 0.7708333333333333, 0.5416666666666666, 1.0]
[9, 0.75, 0.5, 1.0]
[11, 0.6041666666666666, 0.20833333333333334, 1.0]
[13, 0.5833333333333334, 0.16666666666666666, 1.0]
[15, 0.5625, 0.125, 1.0]
[17, 0.5625, 0.125, 1.0]
[19, 0.5416666666666666, 0.08333333333333333, 1.0]

Transfusion:
[5, 0.6387246205401144, 0.3651685393258427, 0.9122807017543859]
[7, 0.6266114725014784, 0.34269662921348315, 0.9105263157894737]
[9, 0.6353834023260398, 0.34269662921348315, 0.9280701754385965]
[11, 0.6204612655233589, 0.3146067415730337, 0.9263157894736842]
[13, 0.6062389118864577, 0.2808988764044944, 0.9315789473684211]
[15, 0.6183520599250937, 0.30337078651685395, 0.9333333333333333]
[17, 0.6287108219988173, 0.3258426966292135, 0.9315789473684211]
[19, 0.6248472304356396, 0.3146067415730337, 0.9350877192982456]

Vehicle:
[5, 0.8778345576493133, 0.9653465346534653, 0.7903225806451613]
[7, 0.8801387051147511, 0.9653465346534653, 0.7949308755760369]
[9, 0.8766824839165944, 0.9653465346534653, 0.7880184331797235]
[11, 0.8695989414609664, 0.9603960396039604, 0.7788018433179723]
[13, 0.8636674727380572, 0.9554455445544554, 0.771889400921659]
[15, 0.8611922252133047, 0.9504950495049505, 0.771889400921659]
[17, 0.8671236939362139, 0.9554455445544554, 0.7788018433179723]
[19, 0.8709221152529999, 0.9653465346534653, 0.7764976958525346]

Yeast:
[5, 0.5861417839990148, 0.17647058823529413, 0.9958129797627355]
[7, 0.5868396207052256, 0.17647058823529413, 0.9972086531751571]
[9, 0.5283650096465662, 0.058823529411764705, 0.9979064898813678]
[11, 0.5283650096465662, 0.058823529411764705, 0.9979064898813678]
[13, 0.5185610880779388, 0.0392156862745098, 0.9979064898813678]
[15, 0.5287139279996717, 0.058823529411764705, 0.9986043265875785]
[17, 0.5287139279996717, 0.058823529411764705, 0.9986043265875785]
[19, 0.529062846352777, 0.058823529411764705, 0.9993021632937893]

Spectometer:
[5, 0.8323045267489712, 0.6666666666666666, 0.9979423868312757]
[7, 0.810082304526749, 0.6222222222222222, 0.9979423868312757]
[9, 0.7989711934156379, 0.6, 0.9979423868312757]
[11, 0.7989711934156379, 0.6, 0.9979423868312757]
[13, 0.7989711934156379, 0.6, 0.9979423868312757]
[15, 0.7989711934156379, 0.6, 0.9979423868312757]
[17, 0.7989711934156379, 0.6, 0.9979423868312757]
[19, 0.7989711934156379, 0.6, 0.9979423868312757]

Solar Flare:
[5, 0.5396773058999385, 0.09803921568627451, 0.9813153961136024]
[7, 0.5724522993053723, 0.1568627450980392, 0.9880418535127056]
[9, 0.5215642310735954, 0.058823529411764705, 0.984304932735426]
[11, 0.492152466367713, 0.0, 0.984304932735426]
[13, 0.4977578475336323, 0.0, 0.9955156950672646]
[15, 0.49962630792227203, 0.0, 0.9992526158445441]
[17, 0.49813153961136025, 0.0, 0.9962630792227205]
[19, 0.49887892376681614, 0.0, 0.9977578475336323]

Seismic Bumps:
[5, 0.5398094449047225, 0.09411764705882353, 0.9855012427506213]
[7, 0.5309444904722452, 0.07058823529411765, 0.9913007456503728]
[9, 0.5235708367854184, 0.052941176470588235, 0.9942004971002486]
[11, 0.5189312344656173, 0.041176470588235294, 0.9966859983429992]
[13, 0.5166114333057167, 0.03529411764705882, 0.9979287489643744]
[15, 0.5170256835128418, 0.03529411764705882, 0.9987572493786246]
[17, 0.5084092792046395, 0.01764705882352941, 0.9991714995857498]
[19, 0.5025269262634631, 0.0058823529411764705, 0.9991714995857498]

Satimage:
[5, 0.8134073607864293, 0.655421686746988, 0.9713930348258707]
[7, 0.8068003356710424, 0.6409638554216868, 0.972636815920398]
[9, 0.7957471677755799, 0.6168674698795181, 0.9746268656716418]
[11, 0.7829916681651982, 0.5903614457831325, 0.9756218905472637]
[13, 0.7798747227716838, 0.5831325301204819, 0.9766169154228855]
[15, 0.7735629083498171, 0.5734939759036145, 0.9736318407960199]
[17, 0.7760969250134868, 0.5783132530120482, 0.9738805970149254]
[19, 0.7700728286279446, 0.5662650602409639, 0.9738805970149254]

