Yeast:
[5, 0.2727272727272727, 0.17647058823529413, 0.9958129797627355]
[7, 0.28125, 0.17647058823529413, 0.9972086531751571]
[9, 0.10526315789473684, 0.058823529411764705, 0.9979064898813678]
[11, 0.10526315789473684, 0.058823529411764705, 0.9979064898813678]
[13, 0.07142857142857142, 0.0392156862745098, 0.9979064898813678]
[15, 0.10714285714285714, 0.058823529411764705, 0.9986043265875785]
[17, 0.10714285714285714, 0.058823529411764705, 0.9986043265875785]
[19, 0.10909090909090909, 0.058823529411764705, 0.9993021632937893]

Vehicle:
[5, 0.7991803278688525, 0.9653465346534653, 0.7903225806451613]
[7, 0.8024691358024693, 0.9653465346534653, 0.7949308755760369]
[9, 0.7975460122699386, 0.9653465346534653, 0.7880184331797235]
[11, 0.7886178861788617, 0.9603960396039604, 0.7788018433179723]
[13, 0.7813765182186235, 0.9554455445544554, 0.771889400921659]
[15, 0.7789046653144016, 0.9504950495049505, 0.771889400921659]
[17, 0.7861507128309572, 0.9554455445544554, 0.7788018433179723]
[19, 0.7894736842105263, 0.9653465346534653, 0.7764976958525346]

Transfusion:
[5, 0.44368600682593856, 0.3651685393258427, 0.9122807017543859]
[7, 0.4206896551724138, 0.34269662921348315, 0.9105263157894737]
[9, 0.4357142857142857, 0.34269662921348315, 0.9280701754385965]
[11, 0.4057971014492754, 0.3146067415730337, 0.9263157894736842]
[13, 0.37453183520599254, 0.2808988764044944, 0.9315789473684211]
[15, 0.4000000000000001, 0.30337078651685395, 0.9333333333333333]
[17, 0.4218181818181818, 0.3258426966292135, 0.9315789473684211]
[19, 0.4132841328413284, 0.3146067415730337, 0.9350877192982456]

Spectometer:
[5, 0.7894736842105263, 0.6666666666666666, 0.9979423868312757]
[7, 0.7567567567567567, 0.6222222222222222, 0.9979423868312757]
[9, 0.7397260273972602, 0.6, 0.9979423868312757]
[11, 0.7397260273972602, 0.6, 0.9979423868312757]
[13, 0.7397260273972602, 0.6, 0.9979423868312757]
[15, 0.7397260273972602, 0.6, 0.9979423868312757]
[17, 0.7397260273972602, 0.6, 0.9979423868312757]
[19, 0.7397260273972602, 0.6, 0.9979423868312757]

Ecoli:
[5, 0.5666666666666667, 0.4857142857142857, 0.9733333333333334]
[7, 0.65625, 0.6, 0.9733333333333334]
[9, 0.6666666666666666, 0.6285714285714286, 0.97]
[11, 0.6666666666666666, 0.6285714285714286, 0.97]
[13, 0.6567164179104478, 0.6285714285714286, 0.9666666666666667]
[15, 0.626865671641791, 0.6, 0.9633333333333334]
[17, 0.6666666666666666, 0.6571428571428571, 0.9633333333333334]
[19, 0.6470588235294118, 0.6285714285714286, 0.9633333333333334]

Breast W:
[5, 0.9421487603305785, 0.946058091286307, 0.9672489082969432]
[7, 0.9355509355509355, 0.9336099585062241, 0.9672489082969432]
[9, 0.941908713692946, 0.941908713692946, 0.9694323144104804]
[11, 0.9440993788819876, 0.946058091286307, 0.9694323144104804]
[13, 0.9458333333333334, 0.941908713692946, 0.9737991266375546]
[15, 0.9438669438669438, 0.941908713692946, 0.9716157205240175]
[17, 0.946058091286307, 0.946058091286307, 0.9716157205240175]
[19, 0.9482401656314698, 0.950207468879668, 0.9716157205240175]

Breast Cancer:
[5, 0.3211678832116789, 0.25882352941176473, 0.8507462686567164]
[7, 0.3432835820895522, 0.27058823529411763, 0.8706467661691543]
[9, 0.4122137404580153, 0.3176470588235294, 0.9054726368159204]
[11, 0.39705882352941174, 0.3176470588235294, 0.8805970149253731]
[13, 0.40579710144927533, 0.32941176470588235, 0.8756218905472637]
[15, 0.4347826086956522, 0.35294117647058826, 0.8855721393034826]
[17, 0.393939393939394, 0.3058823529411765, 0.8955223880597015]
[19, 0.366412213740458, 0.2823529411764706, 0.8905472636815921]

CMC:
[5, 0.3877917414721724, 0.32432432432432434, 0.8982456140350877]
[7, 0.36059479553903345, 0.2912912912912913, 0.9052631578947369]
[9, 0.36952380952380953, 0.2912912912912913, 0.9166666666666666]
[11, 0.359375, 0.27627627627627627, 0.9236842105263158]
[13, 0.36149312377210213, 0.27627627627627627, 0.9263157894736842]
[15, 0.36223506743737954, 0.2822822822822823, 0.9192982456140351]
[17, 0.36434108527131787, 0.2822822822822823, 0.9219298245614035]
[19, 0.3658051689860835, 0.27627627627627627, 0.9315789473684211]

Credit_g:
[5, 0.3042505592841163, 0.22666666666666666, 0.8871428571428571]
[7, 0.27423167848699764, 0.19333333333333333, 0.9071428571428571]
[9, 0.27941176470588236, 0.19, 0.9271428571428572]
[11, 0.2857142857142857, 0.19, 0.94]
[13, 0.25839793281653745, 0.16666666666666666, 0.9471428571428572]
[15, 0.224, 0.14, 0.9528571428571428]
[17, 0.20329670329670332, 0.12333333333333334, 0.9614285714285714]
[19, 0.2087912087912088, 0.12666666666666668, 0.9628571428571429]

Abalone:
[5, 0.3492063492063492, 0.2626865671641791, 0.9789172306090578]
[7, 0.34728033472803344, 0.24776119402985075, 0.9843831337844873]
[9, 0.3227176220806794, 0.22686567164179106, 0.9843831337844873]
[11, 0.30869565217391304, 0.21194029850746268, 0.9859448204060385]
[13, 0.3224400871459695, 0.2208955223880597, 0.986985944820406]
[15, 0.3131991051454139, 0.208955223880597, 0.9890681936491411]
[17, 0.32142857142857145, 0.21492537313432836, 0.989328474752733]
[19, 0.3087557603686636, 0.2, 0.9916710046850599]

Car:
[5, 0.4186046511627907, 0.391304347826087, 0.9801084990958409]
[7, 0.4233576642335767, 0.42028985507246375, 0.976491862567812]
[9, 0.31111111111111117, 0.30434782608695654, 0.972875226039783]
[11, 0.2978723404255319, 0.30434782608695654, 0.969258589511754]
[13, 0.13592233009708737, 0.10144927536231885, 0.9837251356238698]
[15, 0.14285714285714285, 0.10144927536231885, 0.9867389993972272]
[17, 0.16279069767441862, 0.10144927536231885, 0.9939722724532851]
[19, 'Na', 0.0, 0.9933694996986137]

Cleveland_Heart_Disease:
[5, 'Na', 0.0, 1.0]
[7, 'Na', 0.0, 1.0]
[9, 'Na', 0.0, 1.0]
[11, 'Na', 0.0, 1.0]
[13, 'Na', 0.0, 1.0]
[15, 'Na', 0.0, 1.0]
[17, 'Na', 0.0, 1.0]
[19, 'Na', 0.0, 1.0]

Balance Scale:
[5, 'Na', 0.0, 0.9930555555555556]
[7, 'Na', 0.0, 1.0]
[9, 'Na', 0.0, 1.0]
[11, 'Na', 0.0, 1.0]
[13, 'Na', 0.0, 1.0]
[15, 'Na', 0.0, 1.0]
[17, 'Na', 0.0, 1.0]
[19, 'Na', 0.0, 1.0]

Glass:
[5, 'Na', 0.0, 0.9949238578680203]
[7, 'Na', 0.0, 0.9949238578680203]
[9, 'Na', 0.0, 0.9949238578680203]
[11, 'Na', 0.0, 1.0]
[13, 'Na', 0.0, 1.0]
[15, 'Na', 0.0, 1.0]
[17, 'Na', 0.0, 1.0]
[19, 'Na', 0.0, 1.0]

Haberman:
[5, 0.27906976744186046, 0.2222222222222222, 0.8666666666666667]
[7, 0.23529411764705885, 0.1728395061728395, 0.8933333333333333]
[9, 0.27586206896551724, 0.19753086419753085, 0.9155555555555556]
[11, 0.3389830508474576, 0.24691358024691357, 0.9244444444444444]
[13, 0.32478632478632474, 0.2345679012345679, 0.9244444444444444]
[15, 0.3529411764705882, 0.25925925925925924, 0.9244444444444444]
[17, 0.3333333333333333, 0.2345679012345679, 0.9377777777777778]
[19, 0.3448275862068966, 0.24691358024691357, 0.9333333333333333]

Ionosphere:
[5, 0.7464114832535885, 0.6190476190476191, 0.9777777777777777]
[7, 0.7219512195121951, 0.5873015873015873, 0.9777777777777777]
[9, 0.7029702970297029, 0.5634920634920635, 0.9777777777777777]
[11, 0.7029702970297029, 0.5634920634920635, 0.9777777777777777]
[13, 0.7029702970297029, 0.5634920634920635, 0.9777777777777777]
[15, 0.7029702970297029, 0.5634920634920635, 0.9777777777777777]
[17, 0.7000000000000001, 0.5555555555555556, 0.9822222222222222]
[19, 0.6934673366834171, 0.5476190476190477, 0.9822222222222222]

Libras Movement:
[5, 0.8, 0.6666666666666666, 1.0]
[7, 0.7027027027027027, 0.5416666666666666, 1.0]
[9, 0.6666666666666666, 0.5, 1.0]
[11, 0.3448275862068966, 0.20833333333333334, 1.0]
[13, 0.2857142857142857, 0.16666666666666666, 1.0]
[15, 0.2222222222222222, 0.125, 1.0]
[17, 0.2222222222222222, 0.125, 1.0]
[19, 0.15384615384615385, 0.08333333333333333, 1.0]

Solar Flare:
[5, 0.12345679012345677, 0.09803921568627451, 0.9813153961136024]
[7, 0.21333333333333332, 0.1568627450980392, 0.9880418535127056]
[9, 0.07999999999999999, 0.058823529411764705, 0.984304932735426]
[11, 'Na', 0.0, 0.984304932735426]
[13, 'Na', 0.0, 0.9955156950672646]
[15, 'Na', 0.0, 0.9992526158445441]
[17, 'Na', 0.0, 0.9962630792227205]
[19, 'Na', 0.0, 0.9977578475336323]

Seismic Bumps:
[5, 0.14479638009049775, 0.09411764705882353, 0.9855012427506213]
[7, 0.11822660098522168, 0.07058823529411765, 0.9913007456503728]
[9, 0.09326424870466322, 0.052941176470588235, 0.9942004971002486]
[11, 0.07567567567567568, 0.041176470588235294, 0.9966859983429992]
[13, 0.06629834254143646, 0.03529411764705882, 0.9979287489643744]
[15, 0.0670391061452514, 0.03529411764705882, 0.9987572493786246]
[17, 0.03428571428571428, 0.01764705882352941, 0.9991714995857498]
[19, 0.011560693641618498, 0.0058823529411764705, 0.9991714995857498]

Satimage:
[5, 0.6783042394014963, 0.655421686746988, 0.9713930348258707]
[7, 0.6725663716814161, 0.6409638554216868, 0.972636815920398]
[9, 0.6623544631306598, 0.6168674698795181, 0.9746268656716418]
[11, 0.6464379947229553, 0.5903614457831325, 0.9756218905472637]
[13, 0.6444740346205061, 0.5831325301204819, 0.9766169154228855]
[15, 0.6271409749670619, 0.5734939759036145, 0.9736318407960199]
[17, 0.631578947368421, 0.5783132530120482, 0.9738805970149254]
[19, 0.6225165562913907, 0.5662650602409639, 0.9738805970149254]

