1.0
1.0
0.6469090689812407
0.9100255642069249
0.9072465220480609
0.9376051167650159
1.0
1.0
0.9049274940881367
0.6039358247975057
0.886528297030998
0.9999977353273392
0.7042024610053986
1.0
0.7874286869520327
0.814638958175082
0.911569750336192
0.9172036077492994
1.0
0.961548044074226
0.8930190184243246
0.8346477000579026
0.8541041996723747
0.6354262166220468
0.8237289402486395
0.7572549448134328
0.9999951029971654
0.6641017277563249
0.8771544148596724
0.6587212549937574
1.0
1.0
0.9587657204474053
0.8982105510257689
1.0
1.0
0.637390984505357
1.0
1.0
0.9586240999843508
0.8450300276407039
0.8308930743695745
1.0
0.729642875825197
0.9449710675862805
1.0
0.8005772552703595
0.8115335927939342
1.0
1.0
1.0
1.0
0.6459424799672666
1.0
0.9032484745970336
0.839245810842247
1.0
0.8948885237916145
0.596767148335854
1.0
0.8124111216286062
1.0
0.6934617770095339
1.0
1.0
1.0
1.0
1.0
0.9164637085512821
1.0
1.0
0.5225107216223697
1.0
0.8910096570437039
1.0
1.0
1.0
1.0
1.0
0.9534120370091566
1.0
1.0
0.910735195472942
1.0
1.0
1.0
1.0
1.0
1.0
1.0
0.8827523043459552
0.8773670663689788
0.9496389961652536
1.0
1.0
0.8694602847258427
1.0
0.9509628473291623
1.0
1.0
1.0
0.9054793160799901
1.0
0.500133681923784
0.9713585957659822
0.9999977353273392
0.9999951029971654
0.6523334454885963
1.0
1.0
1.0
0.9649589945561718
1.0
0.9085123230423737
0.9999522586161773
1.0
0.9023368168181611
0.9999522586161773
0.966871321307849
0.9310432529285511
0.8925606546935004
0.9502277978833712
1.0
1.0
0.6753315092954454
1.0
0.8340895605696536
0.9468414411803752
0.7823088414366726
0.9627321979149287
1.0
0.8760648923948426
0.9587335806586043
0.9595326592119544
0.9533202618085522
0.607225220193485
1.0
1.0
0.9199896385178911
0.5443249740698799
0.9575323581565943
0.9248048611227249
0.9157289739725782
0.8010373632351804
0.8276507348859543
0.8561316969536935
0.9118972471550908
0.8930609145222522
1.0
0.7653368926901319
0.7217349370883291
1.0
1.0
1.0
0.8851404795370654
1.0
0.9519417038699227
1.0
1.0
0.9189846326922112
0.9175865672325729
1.0
1.0
1.0
0.9081547141820107
1.0
1.0
1.0
0.9398007845372911
0.8700434132219529
0.9056885342256125
1.0
1.0
0.9600368281495915
0.936814434950715
1.0
1.0
0.9555568840025825
0.9312336227053853
1.0
1.0
1.0
1.0
0.9041480694005706
0.9485767703875985
1.0
1.0
1.0
1.0
0.9368548263872284
0.9122613893825882
1.0
0.8229714873318905
1.0
0.9289712567440968
1.0
0.8091693758725069
1.0
0.9056852483222444
1.0
1.0
1.0
1.0
1.0
0.9264846910771202
0.96726674056028
0.9563517677035183
0.9069003832648266
0.8374626345062434
0.9480712344875987
0.8200845785662195
1.0
1.0
1.0
1.0
1.0
0.9093412545977484
0.942074109026895
1.0
1.0
0.9478987376323257
0.9514205322511033
1.0
0.9561379631726662
1.0
1.0
0.7759080085414861
1.0
1.0
1.0
