0.014329917387317098
0.28268494383451764
0.14285714285714285
0.14285714285714285
0.33171449782006385
0.4931272202894513
0.6382283297233777
0.5714285714285714
0.005957533692272726
0.5714285714285714
0.33171449782006385
0.215087832269723
0.14285714285714285
0.00945467322927755
0.04413076611122517
0.14285714285714285
0.5714285714285714
0.5714285714285714
0.2857142857142857
0.2857142857142857
0.14285714285714285
0.48867119622841443
0.48867119622841443
0.6683945059221731
0.14285714285714285
0.5714285714285714
0.30123094013368384
0.001196221357466269
0.4380116061079592
0.14285714285714285
0.5714285714285714
0.14285714285714285
0.2857142857142857
