0.8775221478432057
0.8141219656038265
1.0
0.21215571233664857
0.6104445898053804
1.0
0.4077054168053619
1.0
1.0
1.0
1.0
0.22158221482730722
0.1900405023930209
1.0
0.8096712777289968
0.20450475337554277
0.6138746996923204
0.6176442394842189
0.4115092792743187
0.8098946138869458
1.0
0.8025872218212322
1.0
0.7944102986468092
0.8080081736613379
0.2282407506820144
0.22633526887864214
0.20453334189914202
0.6009862307627479
0.5931134256274564
0.25115816213499725
0.23398931178197463
0.8130932049148248
0.4162764054492228
0.21632828645221958
0.2389947604556238
0.1682937837465786
0.8135626760530809
0.5921814591656683
0.816110849822992
0.191587171430102
1.0
0.4825950014450038
0.8013577021971418
0.48831824719973854
0.41236884306192595
0.5064314312738929
0.5809778590631309
0.2445073877335384
1.0
0.18409894140571456
1.0
0.8124882180527051
0.8002423784178707
0.20728562241954845
0.6536302329849765
0.44907135792294867
0.5955645996852493
1.0
1.0
1.0
0.28341566871099894
0.5869466831057621
0.9131216806979026
0.934954858797328
0.9341423336435396
0.6328363997389232
0.929247836465367
0.39979034307793837
1.0
1.0
1.0
1.0
0.5868623009940593
1.0
0.8291279424232841
0.6248765979571204
1.0
0.6050124383637544
0.39612368642534057
1.0
1.0
1.0
1.0
0.6186477663335543
1.0
0.19606608603779013
0.7988838391353937
0.5924123479821067
0.5921809920464237
0.7954075475344782
1.0
0.5880326888437232
0.23367901453750223
0.22850147642539162
0.8069895950974542
0.8178238750090141
0.8355467158581958
0.6273974738931609
0.6163117753276832
1.0
1.0
1.0
1.0
0.38592356393438
0.275834379305386
1.0
1.0
0.5954682498512972
0.6105780420326462
