0.7148728099655947
0.14007751130721788
0.00021735698583427113
0.0003206327902127361
0.46327913157121875
0.1744540598250028
0.4433710889877981
0.060839734114207504
0.4491236473139698
0.6234834475758978
0.1759365511115809
1.0
0.7832218799370102
0.5249368024421305
0.6006315567593435
0.08338839090599125
5.7499649441842724e-05
0.6774733104963648
0.4018312773089726
0.4022677013920137
1.0
0.0009964026253642742
0.16923258356033216
0.6540831746359086
0.9980511960549616
0.30478612924133375
0.27756888626092924
0.40727957378981616
0.7547804031261518
0.35185398370644455
0.0001695237782076744
0.11189350141384108
0.17411611845431346
0.6665625303981499
0.5547360505627084
0.4997296888956883
0.5936371521955788
0.5616407372751478
0.0005735020498596456
0.6665625303981499
0.9987774201683175
0.002384054385339146
0.06539352215299854
0.5581607458730067
0.1182785052293202
0.2637908863802547
0.5116626768961778
0.4784774642524461
0.6824832531202787
0.002156659145341539
0.6058319906702936
0.49943911128248497
0.9988365028872441
0.20751588364822918
0.00019695879732488115
0.4913018478509296
0.6723225820947082
0.0003209930865814072
0.1140950499964007
0.9168194026569245
0.8098106179662696
0.15481009368381457
0.30644670836054666
0.8658876498196287
0.9987774201683175
0.6500969214218845
0.0014013432072968715
0.000587298753375281
0.0012238165015149188
0.10167454241874468
0.16936750477420418
0.9991054277713989
0.1419699546135328
0.07269433890471885
0.5742300093497779
0.8524968896846126
0.201357309561883
0.09341569097220538
0.17620753309542614
0.1438385915032763
0.05649308558915275
0.000573497903963603
0.3324453774834686
0.4504350374692773
0.5934300014630284
0.7961960303072025
0.5442954727948215
0.1255351843031581
0.1772361312828645
0.10944110507296648
0.4232732332337293
0.5836663452315856
0.15757707212017524
0.4554177659710939
0.9991054277713989
0.17178180901434253
0.1769256562846226
0.24338491882042565
0.6471312507422275
0.12936087384624462
0.7847449914450869
0.30825858875242285
0.13102719141813102
0.3397235994827863
0.4029387640419599
0.9518171898653905
0.636340578415471
0.0004090360285652928
0.374512895090105
0.7358589017886795
0.17093357839452253
0.0035223162317729643
0.6132004579563681
0.671027400194911
0.2751837349291468
0.17994038119305567
0.2970143986019386
0.27900746771660806
0.8
0.13739594906610184
0.4435397265343429
0.3587244099668152
0.07118730269079515
0.39396896729963
0.9981147387666883
0.31571616492783444
0.0541521662923016
0.8769493542589449
0.16313393329094994
1.0
0.37223099704414997
1.0
0.19509238699714035
0.8190005184017759
0.4152094484039858
0.1501913311826809
0.0034500850562749798
0.49972972803572663
0.4994059495185625
0.9980511960549616
0.49972972803572663
0.3891770508932092
0.0007263171251637573
0.22954686158224824
0.2212526319183488
0.16234222820357308
0.714929969337437
0.9997297619440357
0.8830793532929474
0.6104353239638448
0.29929753040991663
0.19999959957951366
0.3930426634490191
0.0004339616275433719
0.6139551351550893
0.3680887993781106
0.13491650361092186
0.2893606568198558
0.4671520649454586
0.16676215151664248
0.5637618391355036
0.09410443605367365
0.8884734436189826
0.7855227825801517
0.8756226584409048
0.6440280891433413
0.42232136088488864
0.1086232101703703
0.9972671921670978
0.05071298905127449
0.28307544297287585
0.4997296888956883
0.3347748781534646
0.8366919482551849
0.19354333420357894
0.3072054233117934
0.9997297619440357
1.0
0.6587825231066403
0.7999999999999999
0.0005406222086233878
0.8504109900576288
0.6739450662767826
0.6083502642251534
0.43285749905874915
0.29455010405572146
0.8063081085995609
1.0
0.0010812444172467756
0.36805287702578016
0.9988365028872441
0.5339096493400578
0.0004677283711248357
0.9981147387666883
0.6145168274643819
0.0033060109004421565
0.2605095956967271
0.5805058229172027
0.5003054824585178
0.41620974666622956
0.3913079639109085
0.6825292808191947
0.2963685528834749
0.1953203787414036
0.5672882764391975
0.6122154850200217
0.000270062115318385
0.000127068707591918
0.08538468558334818
0.2569794105971831
0.7494241929969682
0.48009641167606243
0.2883948925546796
0.49943911128248497
0.2244774561852666
0.6262095764006215
0.3952241416070496
0.03752951663678857
0.38851006088014256
0.4629517884056284
0.21272672925656844
0.3993797800078062
0.808882089728226
0.9990272286238239
0.3854831725356181
0.13789295793643366
0.14637153561429112
0.5003054824585178
0.9972671921670978
0.43216256815223264
0.7220665195989608
0.14451510851570662
1.0
0.1985584810480644
0.7898769767322674
0.45585772732295216
0.0011823373966179222
0.7356243709576493
0.9990272286238239
0.5855181130659528
0.15667546624757064
0.2379027320455557
0.4994059495185625
0.23756537717982076
0.04224098316781603
0.7738878666519683
0.21940061688963322
7.387529012235989e-05
0.7787275868786938
0.6581099788221332
0.16666393307506297
0.10548572850568422
0.002384778966902106
0.5713046808335267
0.8457478666121185
0.4422330215122786
0.780742141299825
0.8377105314599702
0.5173468856771404
0.5788405867539662
0.6349531395740602
1.0
0.6707507283630626
0.8796537670694685
0.8372707048035581
0.44336448916490334
0.17377333329617964
0.5816649462805548
0.00026673466260916347
1.0
0.6665625303981499
