0.7303121040428029
0.40538216076440914
0.6529291123784426
0.9466595063643352
0.8841030407562532
0.8152818569364995
0.48639182753584
0.7961724349646511
0.9997399114958592
0.6915154597947099
0.638539692348083
0.6426184225399474
0.9997399114958592
0.9994550930264527
0.9994550930264527
0.9997262728781503
0.9997262728781503
0.6001513696822406
1.0
0.9998636661826716
0.9998636661826716
0.5690880961637433
0.5713693442156099
0.3166233617645528
0.0977980270347417
0.27464239091748605
0.2889772701087168
0.36025318081697344
0.3335020877507272
0.8704938919789316
0.003185059976425264
0.0009085518357271787
1.0
0.8198406469476053
0.07705977503010676
0.1043744046416613
0.871665528861729
1.0
0.19512195121951217
0.49822366065277457
0.3920920504938979
0.2
0.2
0.33794096481612806
0.500068024051402
0.8732031946036733
0.2
0.13517894230491045
0.21152454202268384
0.23711949509446156
0.7826272376690454
0.44963469524323235
0.0013262136079874713
0.7871864748271822
0.2980261481954234
0.10675002361255806
0.18179162674180036
0.324706498612407
0.024053794462518686
0.7705887500283509
0.6384188737756364
0.027477772485756637
0.0003796447554028755
0.00013101978818876953
0.2
0.13140235312418694
0.20626591137837463
0.16366612111292958
0.0010627766232572963
0.20450910508048556
0.12268579389849589
0.12407555708089206
0.19606758341755187
0.0
0.0
0.0
0.0
0.0
0.0
0.17956870901399388
0.02336433496893987
0.12148937693656699
0.021486838493990013
0.7985798968389176
0.00027191432212635695
0.14198246972536452
0.7768443086252381
0.04885849596193522
0.025297642627849594
0.34119959566522456
0.15467146378851795
0.14548572327579706
0.5284961380237657
0.8715338794895614
0.9179914922490947
0.057289825789676355
0.6323985178415354
0.9294259482401903
0.8463594369039578
0.538915100551863
0.00038054986679893703
0.5986204806504946
0.8876189442568904
0.8217564553926671
0.861376588227083
0.9998636661826716
0.9611675488356869
0.9641249444845403
0.35294981349529625
0.5880964300570566
0.3335020877507272
0.0008562714024394451
1.0
0.49822366065277457
1.0
0.6684208457146129
0.005307021542251556
0.8735996948142831
0.2
0.500068024051402
0.2655849214702434
0.2
0.2
0.6891542489517511
0.32436474610759164
0.6024279663248969
0.08739942153086486
0.0631934653370833
0.0005276634691165769
0.2
0.4
0.15384615384615383
0.3377980924567758
0.6000000000000001
0.0
0.5973688624035466
0.15111045421818517
0.1876943841003397
0.4218196139493855
