1.0
0.9999919720170144
1.0
1.0
1.0
1.0
1.0
1.0
0.999992764121598
1.0
1.0
1.0
1.0
0.9999945986464324
1.0
1.0
1.0
0.9999919720170144
1.0
1.0
1.0
1.0
1.0
1.0
0.999992764121598
1.0
1.0
1.0
1.0
0.9999945986464324
1.0
1.0
1.0
0.9190185749434965
1.0
1.0
0.7162500295980277
1.0
1.0
1.0
1.0
1.0
1.0
1.0
1.0
1.0
1.0
1.0
1.0
1.0
1.0
0.7984653625186673
1.0
1.0
0.8519910305528591
1.0
1.0
0.9042258387461598
0.884936871009533
1.0
1.0
1.0
1.0
1.0
1.0
1.0
0.8488069451904009
0.8040193898468552
1.0
1.0
1.0
1.0
1.0
0.8918391077044844
1.0
0.8895578714204911
1.0
1.0
1.0
1.0
1.0
0.8305477343352949
0.8751790124060971
1.0
0.7065314862374067
1.0
1.0
1.0
1.0
1.0
1.0
0.9057815391937769
1.0
