0.9999921974510424
0.9999813779823598
0.9999756166521252
0.9999040090505222
0.9999784358675877
0.9999956126020576
0.9999989270782806
0.999991430382784
0.9999941987457716
0.99997076148175
0.9999933179029965
0.9999847108081132
0.9999921974510424
0.9999813779823598
0.9999756166521252
0.9999040090505222
0.9999784358675877
0.9999956126020576
0.9999989270782806
0.999991430382784
0.9999941987457716
0.99997076148175
0.9999933179029965
0.9999847108081132
0.5531423221645781
0.8339294744236053
0.28954781082429026
0.4338485528637078
0.705803969029386
0.5797406637092789
0.8022646916844303
0.8773784390529495
0.8396022061587644
0.9161423449449105
0.43934744630453343
0.8825369631883156
0.8582388420199156
0.8215726739983866
0.2522957393279608
0.8537975383218981
0.5862925464457784
0.4685782462439157
0.8263099755753683
0.7162888096339706
0.40802310532475383
0.8822929332796441
0.8812922908732111
0.8859805244796043
0.7934101203412245
0.8301903778632992
0.9168081949561205
0.6893493383372039
0.8932770880319405
0.9005804957833105
0.5982805767395221
0.49278075334995924
0.16048082824651333
0.5772913117407042
0.7181709433096773
0.6526205160986226
0.5068112424185682
0.8709501584867123
0.8796842283917832
0.7107768034224856
0.8988558856214784
0.49754325909919395
0.829346797544112
0.6727690815095103
0.8829721441268208
0.8988865660271969
0.9108923541588567
0.8503572459527751
0.6684059568057367
0.6337861325852455
0.390628790442287
0.9020939254404848
0.8087706432043505
0.9107125515348587
0.7887091449213148
0.4927926061242705
0.886607589600823
0.7479341176319773
0.6494040952705326
0.8419145468076156
0.8874861373320074
0.8821013555665391
0.9168139486553663
0.43693971966406403
0.7573022289575904
0.8878719516831732
0.7950472625223202
0.6068206401085221
0.2866756729152318
0.8904006093586121
0.7372677249077039
0.6016923324060962
0.7571546829420879
0.2151333041261368
0.7572565223428542
0.918435012745061
0.39622928017744263
0.9059888564516502
0.9022950056696183
0.39349075576174786
0.684954621662591
0.12503800967966855
0.7463621282863773
0.23538930540387396
0.3208369135326863
